SWV ITM Data Console - ITM Port: 0
LED1: 128 128 128 LED2: 128 128 128 
10000000
10000000
10000000
10000000
10000000
10000000
240 
192 
192 
192 
192 
192 
192 
192 
240 
192 
192 
192 
192 
192 
192 
192 
240 
192 
192 
192 
192 
192 
192 
192 
183 
116 
5 
56 
240 
240 
192 
240 
240 
240 
192 
240 
240 
240 
240 
240 
192 
240 
240 
240 
240 
192 
192 
192 
192 
192 
192 
192 
240 
192 
192 
192 
192 
192 
192 
192 
240 
192 
192 
192 
192 
192 
192 
192 
0 
0 
0 
0 
0 
0 
0 
0 
0 
0 
0 
0 
0 
0 
0 
0 
0 
0 
0 
0 
